4294967278,17
4294967278,18
4294967278,167
4294967278,20
4294967278,19
4294967278,351
4294967279,539
4294967279,538
4294967278,163
4294967279,537
4294967278,299
4294967278,350
4294967278,21
4294967278,298
4294967278,22
4294967278,158
4294967278,349
4294967278,156
4294967278,25
4294967278,24
4294967278,23
4294967278,348
4294967279,536
4294967278,28
4294967278,27
4294967278,26
4294967278,153
4294967278,152
4294967278,151
4294967278,150
4294967294,127
4294967294,14
4294967294,126
4294967294,12
4294967279,535
4294967278,30
4294967278,29
4294967278,295
4294967279,534
4294967278,148
4294967278,33
4294967278,32
4294967278,31
4294967278,347
4294967278,346
4294967279,288
4294967278,146
4294967278,345
4294967279,143
4294967278,35
4294967278,34
4294967279,533
4294967279,287
4294967279,532
4294967279,139
4294967278,36
4294967279,531
4294967279,272
4294967278,174
4294967278,88
4294967278,38
4294967278,37
4294967279,32
4294967279,30
4294967279,29
4294967279,28
4294967279,26
4294967279,24
4294967279,18
4294967279,17
4294967279,16
4294967279,15
4294967279,12
4294967279,25
4294967279,286
4294967279,267
4294967294,5
4294967279,21
4294967279,271
4294967279,268
4294967279,270
4294967294,37
4294967294,39
4294967294,437
4294967294,390
4294967294,389
4294967294,114
4294967294,162
4294967294,898
4294967294,176
4294967294,185
4294967294,966
4294967279,283
4294967279,279
4294967279,277
23,5
4294967279,265
23,4
23,3
23,2
23,1
4294967279,264
4294967294,40
4294967279,262
4294967279,261
4294967279,259
4294967279,275
4294967294,921
4294967294,29
4294967294,949
4294967294,903
4294967278,344
4294967279,256
4294967294,44
4294967279,282
4294967279,274
21,5
4294967294,42
4294967294,43
4294967279,255
4294967279,254
21,4
21,3
21,2
21,1
4294967278,343
4294967279,253
4294967294,45
4294967294,474
4294967278,258
4294967279,530
4294967278,342
4294967279,529
4294967279,528
4294967278,341
4294967278,256
4294967294,53
4294967294,52
4294967279,527
20,6
4294967294,76
4294967279,526
4294967278,340
4294967278,339
4294967279,525
4294967278,338
20,5
4294967279,524
4294967278,337
4294967279,523
20,4
4294967278,254
20,3
20,2
20,1
4294967278,336
4294967279,522
4294967278,335
4294967294,86
4294967294,84
4294967278,248
4294967294,92
4294967294,90
4294967294,88
4294967279,521
4294967278,251
4294967278,249
19,5
4294967294,99
4294967294,107
4294967278,246
4294967278,244
19,4
19,3
19,2
19,1
4294967278,242
4294967278,241
4294967278,238
4294967278,237
4294967278,334
4294967279,520
4294967279,0
4294967278,236
18,5
4294967294,970
4294967278,232
18,4
4294967278,230
18,3
18,2
18,1
4294967278,229
4294967294,409
4294967294,395
4294967294,413
4294967294,948
4294967294,178
4294967294,913
4294967294,414
4294967294,183
4294967294,397
4294967294,113
4294967294,449
4294967294,456
4294967278,228
4294967294,473
4294967278,222
4294967278,225
4294967278,223
17,5
4294967294,424
4294967278,220
4294967278,218
17,4
17,3
17,2
17,1
4294967294,946
4294967294,904
4294967294,186
4294967278,216
4294967294,1418
4294967294,1
4294967294,472
4294967294,469
4294967279,519
4294967278,333
16,4
4294967278,211
16,3
16,2
16,1
4294967278,332
0,7
4294967278,210
4294967279,518
4294967294,0
4294967294,392
4294967294,120
4294967294,115
4294967294,2
4294967278,331
4294967278,0
4294967279,517
4294967294,38
4294967278,330
4294967279,516
4294967294,46
4294967278,329
4294967279,515
4294967278,328
4294967279,514
4294967278,327
4294967279,513
4294967278,326
4294967279,512
4294967294,91
4294967294,87
4294967294,85
4294967294,419
4294967294,950
4294967294,28
4294967294,427
4294967294,36
4294967294,96
4294967294,89
4294967294,94
4294967278,325
4294967294,9
4294967278,202
4294967294,8
4294967278,324
4294967279,319
4294967279,318
4294967278,323
4294967278,200
4294967279,317
4294967278,322
4294967294,6
4294967278,198
4294967294,30
4294967278,132
4294967278,131
4294967278,130
4294967278,129
4294967278,128
4294967278,127
4294967278,126
4294967278,125
4294967278,124
4294967278,123
4294967278,122
4294967278,121
4294967278,120
4294967278,119
4294967278,118
4294967278,117
4294967278,116
4294967278,115
4294967278,114
4294967278,113
4294967278,112
4294967278,111
4294967278,110
4294967278,109
4294967278,108
4294967278,107
4294967278,106
4294967278,105
4294967278,104
4294967278,103
4294967278,102
4294967278,101
4294967278,100
4294967278,99
4294967278,98
4294967278,97
4294967278,96
4294967278,95
4294967278,94
4294967278,93
4294967278,92
4294967278,91
4294967278,90
4294967278,89
4294967278,87
4294967278,86
4294967278,85
4294967278,84
4294967278,83
4294967278,82
4294967278,81
4294967278,80
4294967278,79
4294967278,77
4294967278,76
4294967278,75
4294967278,74
4294967278,73
4294967278,72
4294967278,71
4294967278,70
4294967278,69
4294967278,68
4294967278,67
4294967278,66
4294967278,65
4294967278,64
4294967278,63
4294967278,62
4294967278,61
4294967278,60
